0000000
00000000
000000000
0000000000
00000000000
00000002
00000003
00000008
0000001
0000002
0000003
0000005
0000006
0000007
00000077
0000008
00000088
000000888
0000009
0000010
0000011
0000011111000000
0000088
00001111
0000666
0001000
0005000
0005555
0008000
0101010
0101010010101010
01010101010101010
01030558419
01046661515
01048726156
01062552135
01085194615
01099989900
01100110
0112357
0112358
0123210
0123456
012345678
0123456789
0246810
0522222222
0655321
0808080
08080808
0808088
08888888
0896523
09041976
0987654
0988168
0988888
1000000
10000000
100000000
10001000
1001000
100100100
1008611
1008888
1010101
10101010
1010101010
10101010101
10101995
10161218
10241024
1088768
1098765
1098765432
109876543210
110110110
1111110111111
1111111
11111111
111111111
1111111111
11111111111
11111111111111
11112222
11118888
111222333
1116111
11223344
11235813
116116116
1180811
118118118
12131415
12250416
1230000
1230123
1231230
1231231
123123123
1233321
1234123
12341234
1234512345
1234560
123456123456
123456789
1234567890
1234567890123
1234567890987654321
123467890
1234888
1235789
1235813
1236788
1236789
12367890
1236987
1238123
1238888
1243365509
1258001
1288888
1300000
13048736667
13088888888
13141314
13145202014
13145203399
13145206688
13146666
1314920
1314999
13327825937
13472775886
13488888888
13555555
13579246810
13585858585
13599996666
13599999999
13666666666
13688888888
13712345678
138138138
13874939595
1388888
1388888888
13888888880
13888888888
1388888888888
1392010
13928989892
13998988888
14159265
14159265358979
1422214
147258369
1488888
15000000000
15151515
15222222222
15267065488
15268822751
15555555555
15575125738
15882424
1588888
15937425058
15988888
15999999999
16304415544
1666666
16666666666
168168168
1681688
16816888
16863366
16881688
1688888
16888888
1688888888
1717333
1717666
17737777777
1777777
1788888
18181818
18508492495
18575509060
18779521689
18801858168
1880188
18812345
1882188
18881888
18888888
18888888888
1889188
18999999
18999999999
19491001
1949101
19690330
19760409
19760802
19880103
1988888
19911205
1991999
19920705
19960108
2000000
20000000
2010000
20150423
20161127
20161218
20170423
2017178
2122222222
2147483647
2220222
2222222
222222222
2222222222
2222224
22223333
23232323
233333333
23452345
2777777
2885288
2888888
2999999
3000000
30000000
3141592
314159265
3141592653
31415926535897932
31415927
3141593
31622453300
3330333
333333333
3333333333
3344521
3388833
3456789
34567890
361580688
3888888
4000000
4006065500
4007777777
4008205555
4008206666
4008306666
4008365365
4008517517
4163996064
43214321
4444444
44444444
444444444
44444444444
444444444444
4444488888
44445555
44556677
4567654
4567890
4815162342
5000000
5000008
5088888
51131420
51201314
51211314
5131420
5185188
518518888
51885188
5188888
52010000
5201314
5201413
5201688
520520520
5206666
5208520
5208888
5209999
52099999
5211314
5213344
521521521
5318008
5544332
5553555
5555555
55555555
55555555555
55555555555555555
5555566
55558888
5558555
5566778
5588888
5666666
56785678
5788888
5888888888
60000000
6186188
62478888
6252888
62559888
6275888
62758888
62791888
62798088
6279888
6283185
65458888
6666655
6666660
6666661
6666665
6666666
66666666
666666666
6666666666
66666666666
666666666666
6666666666666
666666666666666
6666667
6666668
66666688
66666688888
6666777
6666866
6666888
66668888
666688888
66669999
6667666
666777888
6668666
6668888
66688888
6669999
66778899
6686666
6688668
66886688
6688866
6688888
6688888888
67896789
67899999
6833333
6855555
6860989
6866666
6888888
6999999
7000000
7337777
7499276
76543210
7758258
7770777
7771000
7777666
7777777
77777777
777777777
7777777777
77777777777
777788888
7779777
78787878
7898989
8000000
8000008
8008308300
8008888
8013456
80808080
808080808
81828384
8186004444
821048726156
8388888
8486600
8589869056
8610086
8627527
8668888
8675309
8765432
87654321
876543210
8777777
8787878
8800000
8800888
8808088
8808808
8812388
8828888
8838388
8866888
88668888
8868688
88709394
8877691
8878788
8880088
8880888
8881688
8881689
8883333
8883888
8885888
8886666
8886668
8886888
88878888
888808888
8888168
888828888
8888388
8888768
8888788
8888800
8888822
8888866
8888868
8888878
88888800
88888822
8888884
8888886
88888866
8888887
8888888
88888886
88888888
888888888
8888888888
88888888888
888888888888
88888888888888888
8888888888888888888
888888888888888888888888888888
8888999
88889999
8889188
8889888
8889990
8898888
8898988
88998899
8899988
89281101128
8999999
9185918
9188888
9189188
95105105
9527001
9666666
9777777
9846335440
9876543
98765432
987654321
9876543210
9888888
9889188
9988899
99889988
9990666
9991666
9994999
9996666
9996999
999888999
9999666
99996666
99998888
9999988
9999992
9999994
9999997
9999998
99999998
99999999
999999999
99999999999
999999999999
9999999999999
